19 19
55 2
56 2
57 2
58 2
59 2
60 2
61 2
62 2
63 2
64 2
65 2
66 2
67 2
68 2
69 2
38 3
39 3
40 3
41 3
42 3
43 3
44 3
45 3
46 3
47 3
48 3
49 3
50 3
51 3
52 3
57 4
58 4
59 4
60 4
61 4
62 4
63 4
64 4
65 4
66 4
67 4
68 4
69 4
70 4
71 4
85 5
86 5
87 5
88 5
89 5
90 5
91 5
92 5
93 5
94 5
95 5
96 5
97 5
98 5
99 5
90 6
91 6
92 6
93 6
94 6
95 6
96 6
97 6
98 6
99 6
100 6
1 6
2 6
3 6
4 6
6 7
7 7
8 7
9 7
10 7
11 7
12 7
13 7
14 7
15 7
16 7
17 7
18 7
19 7
20 7
85 8
86 8
87 8
88 8
89 8
90 8
91 8
92 8
93 8
94 8
95 8
96 8
97 8
98 8
99 8
37 9
38 9
39 9
40 9
41 9
42 9
43 9
44 9
45 9
46 9
47 9
48 9
49 9
50 9
51 9
42 10
43 10
44 10
45 10
46 10
47 10
48 10
49 10
50 10
51 10
52 10
53 10
54 10
55 10
56 10
94 11
95 11
96 11
97 11
98 11
99 11
100 11
1 11
2 11
3 11
4 11
5 11
6 11
7 11
8 11
2 12
3 12
4 12
5 12
6 12
7 12
8 12
9 12
10 12
11 12
12 12
13 12
14 12
15 12
16 12
45 13
46 13
47 13
48 13
49 13
50 13
51 13
52 13
53 13
54 13
55 13
56 13
57 13
58 13
59 13
64 14
65 14
66 14
67 14
68 14
69 14
70 14
71 14
72 14
73 14
74 14
75 14
76 14
77 14
78 14
40 15
41 15
42 15
43 15
44 15
45 15
46 15
47 15
48 15
49 15
50 15
51 15
52 15
53 15
54 15
79 16
80 16
81 16
82 16
83 16
84 16
85 16
86 16
87 16
88 16
89 16
90 16
91 16
92 16
93 16
84 17
85 17
86 17
87 17
88 17
89 17
90 17
91 17
92 17
93 17
94 17
95 17
96 17
97 17
98 17
3 18
4 18
5 18
6 18
7 18
8 18
9 18
10 18
11 18
12 18
13 18
14 18
15 18
16 18
17 18
1
22 1
1
2
100
2
