19 19
99 2
100 2
1 2
2 2
3 2
4 2
5 2
6 2
7 2
8 2
9 2
10 2
11 2
12 2
13 2
70 3
71 3
72 3
73 3
74 3
75 3
76 3
77 3
78 3
79 3
80 3
81 3
82 3
83 3
84 3
5 4
6 4
7 4
8 4
9 4
10 4
11 4
12 4
13 4
14 4
15 4
16 4
17 4
18 4
19 4
78 5
79 5
80 5
81 5
82 5
83 5
84 5
85 5
86 5
87 5
88 5
89 5
90 5
91 5
92 5
9 6
10 6
11 6
12 6
13 6
14 6
15 6
16 6
17 6
18 6
19 6
20 6
21 6
22 6
23 6
23 7
24 7
25 7
26 7
27 7
28 7
29 7
30 7
31 7
32 7
33 7
34 7
35 7
36 7
37 7
71 8
72 8
73 8
74 8
75 8
76 8
77 8
78 8
79 8
80 8
81 8
82 8
83 8
84 8
85 8
74 9
75 9
76 9
77 9
78 9
79 9
80 9
81 9
82 9
83 9
84 9
85 9
86 9
87 9
88 9
100 10
1 10
2 10
3 10
4 10
5 10
6 10
7 10
8 10
9 10
10 10
11 10
12 10
13 10
14 10
18 11
19 11
20 11
21 11
22 11
23 11
24 11
25 11
26 11
27 11
28 11
29 11
30 11
31 11
32 11
52 12
53 12
54 12
55 12
56 12
57 12
58 12
59 12
60 12
61 12
62 12
63 12
64 12
65 12
66 12
20 13
21 13
22 13
23 13
24 13
25 13
26 13
27 13
28 13
29 13
30 13
31 13
32 13
33 13
34 13
86 14
87 14
88 14
89 14
90 14
91 14
92 14
93 14
94 14
95 14
96 14
97 14
98 14
99 14
100 14
22 15
23 15
24 15
25 15
26 15
27 15
28 15
29 15
30 15
31 15
32 15
33 15
34 15
35 15
36 15
37 16
38 16
39 16
40 16
41 16
42 16
43 16
44 16
45 16
46 16
47 16
48 16
49 16
50 16
51 16
22 17
23 17
24 17
25 17
26 17
27 17
28 17
29 17
30 17
31 17
32 17
33 17
34 17
35 17
36 17
54 18
55 18
56 18
57 18
58 18
59 18
60 18
61 18
62 18
63 18
64 18
65 18
66 18
67 18
68 18
-842150451 -842150451
-842150451 -842150451
1
2
100
2
1
