25 19
14 2
15 2
16 2
17 2
18 2
19 2
20 2
21 2
22 2
23 2
24 2
25 2
26 2
27 2
28 2
61 3
62 3
63 3
64 3
65 3
66 3
67 3
68 3
69 3
70 3
71 3
72 3
73 3
74 3
75 3
47 4
48 4
49 4
50 4
51 4
52 4
53 4
54 4
55 4
56 4
57 4
58 4
59 4
60 4
61 4
7 5
8 5
9 5
10 5
11 5
12 5
13 5
14 5
15 5
16 5
17 5
18 5
19 5
20 5
21 5
18 6
19 6
20 6
21 6
22 6
23 6
24 6
25 6
26 6
27 6
28 6
29 6
30 6
31 6
32 6
47 7
48 7
49 7
50 7
51 7
52 7
53 7
54 7
55 7
56 7
57 7
58 7
59 7
60 7
61 7
36 8
37 8
38 8
39 8
40 8
41 8
42 8
43 8
44 8
45 8
46 8
47 8
48 8
49 8
50 8
90 9
91 9
92 9
93 9
94 9
95 9
96 9
97 9
98 9
99 9
100 9
1 9
2 9
3 9
4 9
50 10
51 10
52 10
53 10
54 10
55 10
56 10
57 10
58 10
59 10
60 10
61 10
62 10
63 10
64 10
48 11
49 11
50 11
51 11
52 11
53 11
54 11
55 11
56 11
57 11
58 11
59 11
60 11
61 11
62 11
23 12
24 12
25 12
26 12
27 12
28 12
29 12
30 12
31 12
32 12
33 12
34 12
35 12
36 12
37 12
89 13
90 13
91 13
92 13
93 13
94 13
95 13
96 13
97 13
98 13
99 13
100 13
1 13
2 13
3 13
5 14
6 14
7 14
8 14
9 14
10 14
11 14
12 14
13 14
14 14
15 14
16 14
17 14
18 14
19 14
95 15
96 15
97 15
98 15
99 15
100 15
1 15
2 15
3 15
4 15
5 15
6 15
7 15
8 15
9 15
43 16
44 16
45 16
46 16
47 16
48 16
49 16
50 16
51 16
52 16
53 16
54 16
55 16
56 16
57 16
32 17
33 17
34 17
35 17
36 17
37 17
38 17
39 17
40 17
41 17
42 17
43 17
44 17
45 17
46 17
95 18
96 18
97 18
98 18
99 18
100 18
1 18
2 18
3 18
4 18
5 18
6 18
7 18
8 18
9 18
29 1
-842150451 -842150451
1
2
100
2
1
